1568904517317
1568904538861
1568904558699
1568904581055
1568904600373
1568904623302
1568904643607
1568904665581
1568904688140
1568904710384
1568904732395
1568904752858
1568904775684
1568904797101
1568904819412
1568904839268
1568904861453
1568904884012
1568904904458
1568904930008
1568904951057
1568904972162
1568904995620
1568905017376
1568905040231
1568905062059
1568905085643
1568905107208
1568905133185
1568905767592
1568905810701
1568905851236
1568905886582
1568906002110
1568906040811
1568906239513
1568906281881
1568906485137
1568906646777
1568906682401
1568906718337
1568906752967
1568906786895
1568906825686
1568906861371
1568906897910
1568906930183
1568906972030
1568907005022
1568907038217
1568907072539
1568907107726
1568907147209
1568907185174
1568907224884
1568907259192
1568907298418
1568907336851
1568907379935
1568986031445
1568986065321
1568986091128
1568986116533
1568986143661
1568986171048
1568986196243
1568986222988
1568986248296
1568986275133
1568986302779
1568986329064
1568986356383
1568986382514
1568986408487
1568986436754
1568986463621
1568986489774
1568986517351
1568986543224
1568986571478
1568986598247
1568986629446
1568986658021
1568986684898
1568986713132
1568986742726
1568986770363
1568986797880
