1568904518276
1568904539969
1568904559761
1568904582100
1568904601524
1568904624367
1568904646208
1568904666688
1568904689411
1568904711388
1568904733569
1568904753836
1568904776655
1568904798247
1568904820459
1568904840412
1568904862683
1568904885035
1568904905451
1568904931189
1568904952351
1568904975176
1568904996693
1568905018519
1568905041284
1568905063223
1568905086774
1568905110907
1568905134286
1568905787311
1568905826082
1568905865005
1568905898858
1568906017219
1568906133700
1568906257107
1568906298041
1568906498614
1568906659055
1568906695128
1568906729786
1568906765311
1568906803561
1568906837557
1568906874900
1568906909160
1568906941374
1568906981967
1568907015919
1568907051010
1568907084256
1568907118306
1568907162468
1568907197467
1568907236255
1568907272418
1568907312273
1568907348571
1568907391733
1568986041059
1568986067634
1568986093597
1568986120727
1568986145887
1568986173320
1568986198458
1568986225229
1568986251649
1568986278744
1568986304858
1568986331001
1568986358457
1568986384502
1568986411599
1568986439175
1568986465755
1568986491817
1568986519562
1568986546837
1568986573832
1568986600579
1568986632144
1568986660286
1568986687798
1568986715428
1568986746516
1568986772508
1568986800188
